
NODE-GROUND VOLTAGES BY CIRCUIT ELEMENT

Power Delivery Elements

Bus      (node ref)  Phase    Magnitude, kV (pu)    Angle

ELEMENT = "Vsource.SOURCE"
150       (  1)    1           2.4018 (       1) /_    0.0
150       (  2)    2           2.4018 (       1) /_ -120.0
150       (  3)    3           2.4018 (       1) /_  120.0
------------
150       (  0)    0                0 (       0) /_    0.0
150       (  0)    0                0 (       0) /_    0.0
150       (  0)    0                0 (       0) /_    0.0

ELEMENT = "Transformer.REG1A"
150       (  1)    1           2.4018 (       1) /_    0.0
150       (  2)    2           2.4018 (       1) /_ -120.0
150       (  3)    3           2.4018 (       1) /_  120.0
150       (  0)    0                0 (       0) /_    0.0
------------
150R      (  4)    1           2.4018 (       1) /_    0.0
150R      (  5)    2           2.4018 (       1) /_ -120.0
150R      (  6)    3           2.4018 (       1) /_  120.0
150R      (  0)    0                0 (       0) /_    0.0

ELEMENT = "Line.L115"
149       (  7)    1           2.4018 (       1) /_    0.0
149       (  8)    2           2.4018 (       1) /_ -120.0
149       (  9)    3           2.4018 (       1) /_  120.0
------------
1         ( 10)    1           2.4018 (       1) /_    0.0
1         ( 11)    2           2.4018 (       1) /_ -120.0
1         ( 12)    3           2.4018 (       1) /_  120.0

ELEMENT = "Line.L1"
1         ( 11)    2           2.4018 (       1) /_ -120.0
------------
2         ( 13)    2           2.4018 (       1) /_ -120.0

ELEMENT = "Line.L2"
1         ( 12)    3           2.4018 (       1) /_  120.0
------------
3         ( 14)    3           2.4018 (       1) /_  120.0

ELEMENT = "Line.L3"
1         ( 10)    1           2.4018 (       1) /_    0.0
1         ( 11)    2           2.4018 (       1) /_ -120.0
1         ( 12)    3           2.4018 (       1) /_  120.0
------------
7         ( 15)    1           2.4018 (       1) /_    0.0
7         ( 16)    2           2.4018 (       1) /_ -120.0
7         ( 17)    3           2.4018 (       1) /_  120.0

ELEMENT = "Line.L4"
3         ( 14)    3           2.4018 (       1) /_  120.0
------------
4         ( 18)    3           2.4018 (       1) /_  120.0

ELEMENT = "Line.L5"
3         ( 14)    3           2.4018 (       1) /_  120.0
------------
5         ( 19)    3           2.4018 (       1) /_  120.0

ELEMENT = "Line.L6"
5         ( 19)    3           2.4018 (       1) /_  120.0
------------
6         ( 20)    3           2.4018 (       1) /_  120.0

ELEMENT = "Line.L7"
7         ( 15)    1           2.4018 (       1) /_    0.0
7         ( 16)    2           2.4018 (       1) /_ -120.0
7         ( 17)    3           2.4018 (       1) /_  120.0
------------
8         ( 21)    1           2.4018 (       1) /_    0.0
8         ( 22)    2           2.4018 (       1) /_ -120.0
8         ( 23)    3           2.4018 (       1) /_  120.0

ELEMENT = "Line.L8"
8         ( 22)    2           2.4018 (       1) /_ -120.0
------------
12        ( 24)    2           2.4018 (       1) /_ -120.0

ELEMENT = "Line.L9"
8         ( 21)    1           2.4018 (       1) /_    0.0
------------
9         ( 25)    1           2.4018 (       1) /_    0.0

ELEMENT = "Line.L10"
8         ( 21)    1           2.4018 (       1) /_    0.0
8         ( 22)    2           2.4018 (       1) /_ -120.0
8         ( 23)    3           2.4018 (       1) /_  120.0
------------
13        ( 26)    1           2.4018 (       1) /_    0.0
13        ( 27)    2           2.4018 (       1) /_ -120.0
13        ( 28)    3           2.4018 (       1) /_  120.0

ELEMENT = "Line.L11"
9R        ( 29)    1                0 (       0) /_    0.0
------------
14        ( 30)    1                0 (       0) /_    0.0

ELEMENT = "Line.L12"
13        ( 28)    3           2.4018 (       1) /_  120.0
------------
34        ( 31)    3           2.4018 (       1) /_  120.0

ELEMENT = "Line.L13"
13        ( 26)    1           2.4018 (       1) /_    0.0
13        ( 27)    2           2.4018 (       1) /_ -120.0
13        ( 28)    3           2.4018 (       1) /_  120.0
------------
18        ( 32)    1           2.4018 (       1) /_    0.0
18        ( 33)    2           2.4018 (       1) /_ -120.0
18        ( 34)    3           2.4018 (       1) /_  120.0

ELEMENT = "Line.L14"
14        ( 30)    1                0 (       0) /_    0.0
------------
11        ( 35)    1                0 (       0) /_    0.0

ELEMENT = "Line.L15"
14        ( 30)    1                0 (       0) /_    0.0
------------
10        ( 36)    1                0 (       0) /_    0.0

ELEMENT = "Line.L16"
15        ( 37)    3           2.4018 (       1) /_  120.0
------------
16        ( 38)    3           2.4018 (       1) /_  120.0

ELEMENT = "Line.L17"
15        ( 37)    3           2.4018 (       1) /_  120.0
------------
17        ( 39)    3           2.4018 (       1) /_  120.0

ELEMENT = "Line.L18"
18        ( 32)    1           2.4018 (       1) /_    0.0
------------
19        ( 40)    1           2.4018 (       1) /_    0.0

ELEMENT = "Line.L19"
18        ( 32)    1           2.4018 (       1) /_    0.0
18        ( 33)    2           2.4018 (       1) /_ -120.0
18        ( 34)    3           2.4018 (       1) /_  120.0
------------
21        ( 41)    1           2.4018 (       1) /_    0.0
21        ( 42)    2           2.4018 (       1) /_ -120.0
21        ( 43)    3           2.4018 (       1) /_  120.0

ELEMENT = "Line.L20"
19        ( 40)    1           2.4018 (       1) /_    0.0
------------
20        ( 44)    1           2.4018 (       1) /_    0.0

ELEMENT = "Line.L21"
21        ( 42)    2           2.4018 (       1) /_ -120.0
------------
22        ( 45)    2           2.4018 (       1) /_ -120.0

ELEMENT = "Line.L22"
21        ( 41)    1           2.4018 (       1) /_    0.0
21        ( 42)    2           2.4018 (       1) /_ -120.0
21        ( 43)    3           2.4018 (       1) /_  120.0
------------
23        ( 46)    1           2.4018 (       1) /_    0.0
23        ( 47)    2           2.4018 (       1) /_ -120.0
23        ( 48)    3           2.4018 (       1) /_  120.0

ELEMENT = "Line.L23"
23        ( 48)    3           2.4018 (       1) /_  120.0
------------
24        ( 49)    3           2.4018 (       1) /_  120.0

ELEMENT = "Line.L24"
23        ( 46)    1           2.4018 (       1) /_    0.0
23        ( 47)    2           2.4018 (       1) /_ -120.0
23        ( 48)    3           2.4018 (       1) /_  120.0
------------
25        ( 50)    1           2.4018 (       1) /_    0.0
25        ( 51)    2           2.4018 (       1) /_ -120.0
25        ( 52)    3           2.4018 (       1) /_  120.0

ELEMENT = "Line.L25"
25R       ( 53)    1                0 (       0) /_    0.0
25R       ( 54)    3                0 (       0) /_    0.0
------------
26        ( 55)    1                0 (       0) /_    0.0
26        ( 56)    3                0 (       0) /_    0.0

ELEMENT = "Line.L26"
25        ( 50)    1           2.4018 (       1) /_    0.0
25        ( 51)    2           2.4018 (       1) /_ -120.0
25        ( 52)    3           2.4018 (       1) /_  120.0
------------
28        ( 57)    1           2.4018 (       1) /_    0.0
28        ( 58)    2           2.4018 (       1) /_ -120.0
28        ( 59)    3           2.4018 (       1) /_  120.0

ELEMENT = "Line.L27"
26        ( 55)    1                0 (       0) /_    0.0
26        ( 56)    3                0 (       0) /_    0.0
------------
27        ( 60)    1                0 (       0) /_    0.0
27        ( 61)    3                0 (       0) /_    0.0

ELEMENT = "Line.L28"
26        ( 56)    3                0 (       0) /_    0.0
------------
31        ( 62)    3                0 (       0) /_    0.0

ELEMENT = "Line.L29"
27        ( 60)    1                0 (       0) /_    0.0
------------
33        ( 63)    1                0 (       0) /_    0.0

ELEMENT = "Line.L30"
28        ( 57)    1           2.4018 (       1) /_    0.0
28        ( 58)    2           2.4018 (       1) /_ -120.0
28        ( 59)    3           2.4018 (       1) /_  120.0
------------
29        ( 64)    1           2.4018 (       1) /_    0.0
29        ( 65)    2           2.4018 (       1) /_ -120.0
29        ( 66)    3           2.4018 (       1) /_  120.0

ELEMENT = "Line.L31"
29        ( 64)    1           2.4018 (       1) /_    0.0
29        ( 65)    2           2.4018 (       1) /_ -120.0
29        ( 66)    3           2.4018 (       1) /_  120.0
------------
30        ( 67)    1           2.4018 (       1) /_    0.0
30        ( 68)    2           2.4018 (       1) /_ -120.0
30        ( 69)    3           2.4018 (       1) /_  120.0

ELEMENT = "Line.L32"
30        ( 67)    1           2.4018 (       1) /_    0.0
30        ( 68)    2           2.4018 (       1) /_ -120.0
30        ( 69)    3           2.4018 (       1) /_  120.0
------------
250       ( 70)    1           2.4018 (       1) /_    0.0
250       ( 71)    2           2.4018 (       1) /_ -120.0
250       ( 72)    3           2.4018 (       1) /_  120.0

ELEMENT = "Line.L33"
31        ( 62)    3                0 (       0) /_    0.0
------------
32        ( 73)    3                0 (       0) /_    0.0

ELEMENT = "Line.L34"
34        ( 31)    3           2.4018 (       1) /_  120.0
------------
15        ( 37)    3           2.4018 (       1) /_  120.0

ELEMENT = "Line.L35"
35        ( 74)    1           2.4018 (       1) /_    0.0
35        ( 75)    2           2.4018 (       1) /_ -120.0
------------
36        ( 76)    1           2.4018 (       1) /_    0.0
36        ( 77)    2           2.4018 (       1) /_ -120.0

ELEMENT = "Line.L36"
35        ( 74)    1           2.4018 (       1) /_    0.0
35        ( 75)    2           2.4018 (       1) /_ -120.0
35        ( 78)    3           2.4018 (       1) /_  120.0
------------
40        ( 79)    1           2.4018 (       1) /_    0.0
40        ( 80)    2           2.4018 (       1) /_ -120.0
40        ( 81)    3           2.4018 (       1) /_  120.0

ELEMENT = "Line.L37"
36        ( 76)    1           2.4018 (       1) /_    0.0
------------
37        ( 82)    1           2.4018 (       1) /_    0.0

ELEMENT = "Line.L38"
36        ( 77)    2           2.4018 (       1) /_ -120.0
------------
38        ( 83)    2           2.4018 (       1) /_ -120.0

ELEMENT = "Line.L39"
38        ( 83)    2           2.4018 (       1) /_ -120.0
------------
39        ( 84)    2           2.4018 (       1) /_ -120.0

ELEMENT = "Line.L40"
40        ( 81)    3           2.4018 (       1) /_  120.0
------------
41        ( 85)    3           2.4018 (       1) /_  120.0

ELEMENT = "Line.L41"
40        ( 79)    1           2.4018 (       1) /_    0.0
40        ( 80)    2           2.4018 (       1) /_ -120.0
40        ( 81)    3           2.4018 (       1) /_  120.0
------------
42        ( 86)    1           2.4018 (       1) /_    0.0
42        ( 87)    2           2.4018 (       1) /_ -120.0
42        ( 88)    3           2.4018 (       1) /_  120.0

ELEMENT = "Line.L42"
42        ( 87)    2           2.4018 (       1) /_ -120.0
------------
43        ( 89)    2           2.4018 (       1) /_ -120.0

ELEMENT = "Line.L43"
42        ( 86)    1           2.4018 (       1) /_    0.0
42        ( 87)    2           2.4018 (       1) /_ -120.0
42        ( 88)    3           2.4018 (       1) /_  120.0
------------
44        ( 90)    1           2.4018 (       1) /_    0.0
44        ( 91)    2           2.4018 (       1) /_ -120.0
44        ( 92)    3           2.4018 (       1) /_  120.0

ELEMENT = "Line.L44"
44        ( 90)    1           2.4018 (       1) /_    0.0
------------
45        ( 93)    1           2.4018 (       1) /_    0.0

ELEMENT = "Line.L45"
44        ( 90)    1           2.4018 (       1) /_    0.0
44        ( 91)    2           2.4018 (       1) /_ -120.0
44        ( 92)    3           2.4018 (       1) /_  120.0
------------
47        ( 94)    1           2.4018 (       1) /_    0.0
47        ( 95)    2           2.4018 (       1) /_ -120.0
47        ( 96)    3           2.4018 (       1) /_  120.0

ELEMENT = "Line.L46"
45        ( 93)    1           2.4018 (       1) /_    0.0
------------
46        ( 97)    1           2.4018 (       1) /_    0.0

ELEMENT = "Line.L47"
47        ( 94)    1           2.4018 (       1) /_    0.0
47        ( 95)    2           2.4018 (       1) /_ -120.0
47        ( 96)    3           2.4018 (       1) /_  120.0
------------
48        ( 98)    1           2.4018 (       1) /_    0.0
48        ( 99)    2           2.4018 (       1) /_ -120.0
48        (100)    3           2.4018 (       1) /_  120.0

ELEMENT = "Line.L48"
47        ( 94)    1           2.4018 (       1) /_    0.0
47        ( 95)    2           2.4018 (       1) /_ -120.0
47        ( 96)    3           2.4018 (       1) /_  120.0
------------
49        (101)    1           2.4018 (       1) /_    0.0
49        (102)    2           2.4018 (       1) /_ -120.0
49        (103)    3           2.4018 (       1) /_  120.0

ELEMENT = "Line.L49"
49        (101)    1           2.4018 (       1) /_    0.0
49        (102)    2           2.4018 (       1) /_ -120.0
49        (103)    3           2.4018 (       1) /_  120.0
------------
50        (104)    1           2.4018 (       1) /_    0.0
50        (105)    2           2.4018 (       1) /_ -120.0
50        (106)    3           2.4018 (       1) /_  120.0

ELEMENT = "Line.L50"
50        (104)    1           2.4018 (       1) /_    0.0
50        (105)    2           2.4018 (       1) /_ -120.0
50        (106)    3           2.4018 (       1) /_  120.0
------------
51        (107)    1           2.4018 (       1) /_    0.0
51        (108)    2           2.4018 (       1) /_ -120.0
51        (109)    3           2.4018 (       1) /_  120.0

ELEMENT = "Line.L51"
51        (107)    1           2.4018 (       1) /_    0.0
51        (108)    2           2.4018 (       1) /_ -120.0
51        (109)    3           2.4018 (       1) /_  120.0
------------
151       (110)    1           2.4018 (       1) /_    0.0
151       (111)    2           2.4018 (       1) /_ -120.0
151       (112)    3           2.4018 (       1) /_  120.0

ELEMENT = "Line.L52"
52        (113)    1           2.4018 (       1) /_    0.0
52        (114)    2           2.4018 (       1) /_ -120.0
52        (115)    3           2.4018 (       1) /_  120.0
------------
53        (116)    1           2.4018 (       1) /_    0.0
53        (117)    2           2.4018 (       1) /_ -120.0
53        (118)    3           2.4018 (       1) /_  120.0

ELEMENT = "Line.L53"
53        (116)    1           2.4018 (       1) /_    0.0
53        (117)    2           2.4018 (       1) /_ -120.0
53        (118)    3           2.4018 (       1) /_  120.0
------------
54        (119)    1           2.4018 (       1) /_    0.0
54        (120)    2           2.4018 (       1) /_ -120.0
54        (121)    3           2.4018 (       1) /_  120.0

ELEMENT = "Line.L54"
54        (119)    1           2.4018 (       1) /_    0.0
54        (120)    2           2.4018 (       1) /_ -120.0
54        (121)    3           2.4018 (       1) /_  120.0
------------
55        (122)    1           2.4018 (       1) /_    0.0
55        (123)    2           2.4018 (       1) /_ -120.0
55        (124)    3           2.4018 (       1) /_  120.0

ELEMENT = "Line.L55"
54        (119)    1           2.4018 (       1) /_    0.0
54        (120)    2           2.4018 (       1) /_ -120.0
54        (121)    3           2.4018 (       1) /_  120.0
------------
57        (125)    1           2.4018 (       1) /_    0.0
57        (126)    2           2.4018 (       1) /_ -120.0
57        (127)    3           2.4018 (       1) /_  120.0

ELEMENT = "Line.L56"
55        (122)    1           2.4018 (       1) /_    0.0
55        (123)    2           2.4018 (       1) /_ -120.0
55        (124)    3           2.4018 (       1) /_  120.0
------------
56        (128)    1           2.4018 (       1) /_    0.0
56        (129)    2           2.4018 (       1) /_ -120.0
56        (130)    3           2.4018 (       1) /_  120.0

ELEMENT = "Line.L57"
57        (126)    2           2.4018 (       1) /_ -120.0
------------
58        (131)    2           2.4018 (       1) /_ -120.0

ELEMENT = "Line.L58"
57        (125)    1           2.4018 (       1) /_    0.0
57        (126)    2           2.4018 (       1) /_ -120.0
57        (127)    3           2.4018 (       1) /_  120.0
------------
60        (132)    1           2.4018 (       1) /_    0.0
60        (133)    2           2.4018 (       1) /_ -120.0
60        (134)    3           2.4018 (       1) /_  120.0

ELEMENT = "Line.L59"
58        (131)    2           2.4018 (       1) /_ -120.0
------------
59        (135)    2           2.4018 (       1) /_ -120.0

ELEMENT = "Line.L60"
60        (132)    1           2.4018 (       1) /_    0.0
60        (133)    2           2.4018 (       1) /_ -120.0
60        (134)    3           2.4018 (       1) /_  120.0
------------
61        (136)    1           2.4018 (       1) /_    0.0
61        (137)    2           2.4018 (       1) /_ -120.0
61        (138)    3           2.4018 (       1) /_  120.0

ELEMENT = "Line.L61"
60        (132)    1           2.4018 (       1) /_    0.0
60        (133)    2           2.4018 (       1) /_ -120.0
60        (134)    3           2.4018 (       1) /_  120.0
------------
62        (139)    1           2.4018 (       1) /_    0.0
62        (140)    2           2.4018 (       1) /_ -120.0
62        (141)    3           2.4018 (       1) /_  120.0

ELEMENT = "Line.L62"
62        (139)    1           2.4018 (       1) /_    0.0
62        (140)    2           2.4018 (       1) /_ -120.0
62        (141)    3           2.4018 (       1) /_  120.0
------------
63        (142)    1           2.4018 (       1) /_    0.0
63        (143)    2           2.4018 (       1) /_ -120.0
63        (144)    3           2.4018 (       1) /_  120.0

ELEMENT = "Line.L63"
63        (142)    1           2.4018 (       1) /_    0.0
63        (143)    2           2.4018 (       1) /_ -120.0
63        (144)    3           2.4018 (       1) /_  120.0
------------
64        (145)    1           2.4018 (       1) /_    0.0
64        (146)    2           2.4018 (       1) /_ -120.0
64        (147)    3           2.4018 (       1) /_  120.0

ELEMENT = "Line.L64"
64        (145)    1           2.4018 (       1) /_    0.0
64        (146)    2           2.4018 (       1) /_ -120.0
64        (147)    3           2.4018 (       1) /_  120.0
------------
65        (148)    1           2.4018 (       1) /_    0.0
65        (149)    2           2.4018 (       1) /_ -120.0
65        (150)    3           2.4018 (       1) /_  120.0

ELEMENT = "Line.L65"
65        (148)    1           2.4018 (       1) /_    0.0
65        (149)    2           2.4018 (       1) /_ -120.0
65        (150)    3           2.4018 (       1) /_  120.0
------------
66        (151)    1           2.4018 (       1) /_    0.0
66        (152)    2           2.4018 (       1) /_ -120.0
66        (153)    3           2.4018 (       1) /_  120.0

ELEMENT = "Line.L66"
67        (154)    1                0 (       0) /_    0.0
------------
68        (155)    1                0 (       0) /_    0.0

ELEMENT = "Line.L67"
67        (154)    1                0 (       0) /_    0.0
67        (156)    2                0 (       0) /_    0.0
67        (157)    3                0 (       0) /_    0.0
------------
72        (158)    1                0 (       0) /_    0.0
72        (159)    2                0 (       0) /_    0.0
72        (160)    3                0 (       0) /_    0.0

ELEMENT = "Line.L68"
67        (154)    1                0 (       0) /_    0.0
67        (156)    2                0 (       0) /_    0.0
67        (157)    3                0 (       0) /_    0.0
------------
97        (161)    1                0 (       0) /_    0.0
97        (162)    2                0 (       0) /_    0.0
97        (163)    3                0 (       0) /_    0.0

ELEMENT = "Line.L69"
68        (155)    1                0 (       0) /_    0.0
------------
69        (164)    1                0 (       0) /_    0.0

ELEMENT = "Line.L70"
69        (164)    1                0 (       0) /_    0.0
------------
70        (165)    1                0 (       0) /_    0.0

ELEMENT = "Line.L71"
70        (165)    1                0 (       0) /_    0.0
------------
71        (166)    1                0 (       0) /_    0.0

ELEMENT = "Line.L72"
72        (160)    3                0 (       0) /_    0.0
------------
73        (167)    3                0 (       0) /_    0.0

ELEMENT = "Line.L73"
72        (158)    1                0 (       0) /_    0.0
72        (159)    2                0 (       0) /_    0.0
72        (160)    3                0 (       0) /_    0.0
------------
76        (168)    1                0 (       0) /_    0.0
76        (169)    2                0 (       0) /_    0.0
76        (170)    3                0 (       0) /_    0.0

ELEMENT = "Line.L74"
73        (167)    3                0 (       0) /_    0.0
------------
74        (171)    3                0 (       0) /_    0.0

ELEMENT = "Line.L75"
74        (171)    3                0 (       0) /_    0.0
------------
75        (172)    3                0 (       0) /_    0.0

ELEMENT = "Line.L76"
76        (168)    1                0 (       0) /_    0.0
76        (169)    2                0 (       0) /_    0.0
76        (170)    3                0 (       0) /_    0.0
------------
77        (173)    1                0 (       0) /_    0.0
77        (174)    2                0 (       0) /_    0.0
77        (175)    3                0 (       0) /_    0.0

ELEMENT = "Line.L77"
76        (168)    1                0 (       0) /_    0.0
76        (169)    2                0 (       0) /_    0.0
76        (170)    3                0 (       0) /_    0.0
------------
86        (176)    1                0 (       0) /_    0.0
86        (177)    2                0 (       0) /_    0.0
86        (178)    3                0 (       0) /_    0.0

ELEMENT = "Line.L78"
77        (173)    1                0 (       0) /_    0.0
77        (174)    2                0 (       0) /_    0.0
77        (175)    3                0 (       0) /_    0.0
------------
78        (179)    1                0 (       0) /_    0.0
78        (180)    2                0 (       0) /_    0.0
78        (181)    3                0 (       0) /_    0.0

ELEMENT = "Line.L79"
78        (179)    1                0 (       0) /_    0.0
78        (180)    2                0 (       0) /_    0.0
78        (181)    3                0 (       0) /_    0.0
------------
79        (182)    1                0 (       0) /_    0.0
79        (183)    2                0 (       0) /_    0.0
79        (184)    3                0 (       0) /_    0.0

ELEMENT = "Line.L80"
78        (179)    1                0 (       0) /_    0.0
78        (180)    2                0 (       0) /_    0.0
78        (181)    3                0 (       0) /_    0.0
------------
80        (185)    1                0 (       0) /_    0.0
80        (186)    2                0 (       0) /_    0.0
80        (187)    3                0 (       0) /_    0.0

ELEMENT = "Line.L81"
80        (185)    1                0 (       0) /_    0.0
80        (186)    2                0 (       0) /_    0.0
80        (187)    3                0 (       0) /_    0.0
------------
81        (188)    1                0 (       0) /_    0.0
81        (189)    2                0 (       0) /_    0.0
81        (190)    3                0 (       0) /_    0.0

ELEMENT = "Line.L82"
81        (188)    1                0 (       0) /_    0.0
81        (189)    2                0 (       0) /_    0.0
81        (190)    3                0 (       0) /_    0.0
------------
82        (191)    1                0 (       0) /_    0.0
82        (192)    2                0 (       0) /_    0.0
82        (193)    3                0 (       0) /_    0.0

ELEMENT = "Line.L83"
81        (190)    3                0 (       0) /_    0.0
------------
84        (194)    3                0 (       0) /_    0.0

ELEMENT = "Line.L84"
82        (191)    1                0 (       0) /_    0.0
82        (192)    2                0 (       0) /_    0.0
82        (193)    3                0 (       0) /_    0.0
------------
83        (195)    1                0 (       0) /_    0.0
83        (196)    2                0 (       0) /_    0.0
83        (197)    3                0 (       0) /_    0.0

ELEMENT = "Line.L85"
84        (194)    3                0 (       0) /_    0.0
------------
85        (198)    3                0 (       0) /_    0.0

ELEMENT = "Line.L86"
86        (176)    1                0 (       0) /_    0.0
86        (177)    2                0 (       0) /_    0.0
86        (178)    3                0 (       0) /_    0.0
------------
87        (199)    1                0 (       0) /_    0.0
87        (200)    2                0 (       0) /_    0.0
87        (201)    3                0 (       0) /_    0.0

ELEMENT = "Line.L87"
87        (199)    1                0 (       0) /_    0.0
------------
88        (202)    1                0 (       0) /_    0.0

ELEMENT = "Line.L88"
87        (199)    1                0 (       0) /_    0.0
87        (200)    2                0 (       0) /_    0.0
87        (201)    3                0 (       0) /_    0.0
------------
89        (203)    1                0 (       0) /_    0.0
89        (204)    2                0 (       0) /_    0.0
89        (205)    3                0 (       0) /_    0.0

ELEMENT = "Line.L89"
89        (204)    2                0 (       0) /_    0.0
------------
90        (206)    2                0 (       0) /_    0.0

ELEMENT = "Line.L90"
89        (203)    1                0 (       0) /_    0.0
89        (204)    2                0 (       0) /_    0.0
89        (205)    3                0 (       0) /_    0.0
------------
91        (207)    1                0 (       0) /_    0.0
91        (208)    2                0 (       0) /_    0.0
91        (209)    3                0 (       0) /_    0.0

ELEMENT = "Line.L91"
91        (209)    3                0 (       0) /_    0.0
------------
92        (210)    3                0 (       0) /_    0.0

ELEMENT = "Line.L92"
91        (207)    1                0 (       0) /_    0.0
91        (208)    2                0 (       0) /_    0.0
91        (209)    3                0 (       0) /_    0.0
------------
93        (211)    1                0 (       0) /_    0.0
93        (212)    2                0 (       0) /_    0.0
93        (213)    3                0 (       0) /_    0.0

ELEMENT = "Line.L93"
93        (211)    1                0 (       0) /_    0.0
------------
94        (214)    1                0 (       0) /_    0.0

ELEMENT = "Line.L94"
93        (211)    1                0 (       0) /_    0.0
93        (212)    2                0 (       0) /_    0.0
93        (213)    3                0 (       0) /_    0.0
------------
95        (215)    1                0 (       0) /_    0.0
95        (216)    2                0 (       0) /_    0.0
95        (217)    3                0 (       0) /_    0.0

ELEMENT = "Line.L95"
95        (216)    2                0 (       0) /_    0.0
------------
96        (218)    2                0 (       0) /_    0.0

ELEMENT = "Line.L96"
97        (161)    1                0 (       0) /_    0.0
97        (162)    2                0 (       0) /_    0.0
97        (163)    3                0 (       0) /_    0.0
------------
98        (219)    1                0 (       0) /_    0.0
98        (220)    2                0 (       0) /_    0.0
98        (221)    3                0 (       0) /_    0.0

ELEMENT = "Line.L97"
98        (219)    1                0 (       0) /_    0.0
98        (220)    2                0 (       0) /_    0.0
98        (221)    3                0 (       0) /_    0.0
------------
99        (222)    1                0 (       0) /_    0.0
99        (223)    2                0 (       0) /_    0.0
99        (224)    3                0 (       0) /_    0.0

ELEMENT = "Line.L98"
99        (222)    1                0 (       0) /_    0.0
99        (223)    2                0 (       0) /_    0.0
99        (224)    3                0 (       0) /_    0.0
------------
100       (225)    1                0 (       0) /_    0.0
100       (226)    2                0 (       0) /_    0.0
100       (227)    3                0 (       0) /_    0.0

ELEMENT = "Line.L99"
100       (225)    1                0 (       0) /_    0.0
100       (226)    2                0 (       0) /_    0.0
100       (227)    3                0 (       0) /_    0.0
------------
450       (228)    1                0 (       0) /_    0.0
450       (229)    2                0 (       0) /_    0.0
450       (230)    3                0 (       0) /_    0.0

ELEMENT = "Line.L118"
197       (231)    1                0 (       0) /_    0.0
197       (232)    2                0 (       0) /_    0.0
197       (233)    3                0 (       0) /_    0.0
------------
101       (234)    1                0 (       0) /_    0.0
101       (235)    2                0 (       0) /_    0.0
101       (236)    3                0 (       0) /_    0.0

ELEMENT = "Line.L100"
101       (236)    3                0 (       0) /_    0.0
------------
102       (237)    3                0 (       0) /_    0.0

ELEMENT = "Line.L101"
101       (234)    1                0 (       0) /_    0.0
101       (235)    2                0 (       0) /_    0.0
101       (236)    3                0 (       0) /_    0.0
------------
105       (238)    1                0 (       0) /_    0.0
105       (239)    2                0 (       0) /_    0.0
105       (240)    3                0 (       0) /_    0.0

ELEMENT = "Line.L102"
102       (237)    3                0 (       0) /_    0.0
------------
103       (241)    3                0 (       0) /_    0.0

ELEMENT = "Line.L103"
103       (241)    3                0 (       0) /_    0.0
------------
104       (242)    3                0 (       0) /_    0.0

ELEMENT = "Line.L104"
105       (239)    2                0 (       0) /_    0.0
------------
106       (243)    2                0 (       0) /_    0.0

ELEMENT = "Line.L105"
105       (238)    1                0 (       0) /_    0.0
105       (239)    2                0 (       0) /_    0.0
105       (240)    3                0 (       0) /_    0.0
------------
108       (244)    1                0 (       0) /_    0.0
108       (245)    2                0 (       0) /_    0.0
108       (246)    3                0 (       0) /_    0.0

ELEMENT = "Line.L106"
106       (243)    2                0 (       0) /_    0.0
------------
107       (247)    2                0 (       0) /_    0.0

ELEMENT = "Line.L107"
108       (244)    1                0 (       0) /_    0.0
------------
109       (248)    1                0 (       0) /_    0.0

ELEMENT = "Line.L108"
108       (244)    1                0 (       0) /_    0.0
108       (245)    2                0 (       0) /_    0.0
108       (246)    3                0 (       0) /_    0.0
------------
300       (249)    1                0 (       0) /_    0.0
300       (250)    2                0 (       0) /_    0.0
300       (251)    3                0 (       0) /_    0.0

ELEMENT = "Line.L109"
109       (248)    1                0 (       0) /_    0.0
------------
110       (252)    1                0 (       0) /_    0.0

ELEMENT = "Line.L110"
110       (252)    1                0 (       0) /_    0.0
------------
111       (253)    1                0 (       0) /_    0.0

ELEMENT = "Line.L111"
110       (252)    1                0 (       0) /_    0.0
------------
112       (254)    1                0 (       0) /_    0.0

ELEMENT = "Line.L112"
112       (254)    1                0 (       0) /_    0.0
------------
113       (255)    1                0 (       0) /_    0.0

ELEMENT = "Line.L113"
113       (255)    1                0 (       0) /_    0.0
------------
114       (256)    1                0 (       0) /_    0.0

ELEMENT = "Line.L114"
135       (257)    1           2.4018 (       1) /_    0.0
135       (258)    2           2.4018 (       1) /_ -120.0
135       (259)    3           2.4018 (       1) /_  120.0
------------
35        ( 74)    1           2.4018 (       1) /_    0.0
35        ( 75)    2           2.4018 (       1) /_ -120.0
35        ( 78)    3           2.4018 (       1) /_  120.0

ELEMENT = "Line.L116"
152       (260)    1           2.4018 (       1) /_    0.0
152       (261)    2           2.4018 (       1) /_ -120.0
152       (262)    3           2.4018 (       1) /_  120.0
------------
52        (113)    1           2.4018 (       1) /_    0.0
52        (114)    2           2.4018 (       1) /_ -120.0
52        (115)    3           2.4018 (       1) /_  120.0

ELEMENT = "Line.L117"
160R      (263)    1                0 (       0) /_    0.0
160R      (264)    2                0 (       0) /_    0.0
160R      (265)    3                0 (       0) /_    0.0
------------
67        (154)    1                0 (       0) /_    0.0
67        (156)    2                0 (       0) /_    0.0
67        (157)    3                0 (       0) /_    0.0

ELEMENT = "Line.SW1"
150R      (  4)    1           2.4018 (       1) /_    0.0
150R      (  5)    2           2.4018 (       1) /_ -120.0
150R      (  6)    3           2.4018 (       1) /_  120.0
------------
149       (  7)    1           2.4018 (       1) /_    0.0
149       (  8)    2           2.4018 (       1) /_ -120.0
149       (  9)    3           2.4018 (       1) /_  120.0

ELEMENT = "Line.SW2"
13        ( 26)    1           2.4018 (       1) /_    0.0
13        ( 27)    2           2.4018 (       1) /_ -120.0
13        ( 28)    3           2.4018 (       1) /_  120.0
------------
152       (260)    1           2.4018 (       1) /_    0.0
152       (261)    2           2.4018 (       1) /_ -120.0
152       (262)    3           2.4018 (       1) /_  120.0

ELEMENT = "Line.SW3"
18        ( 32)    1           2.4018 (       1) /_    0.0
18        ( 33)    2           2.4018 (       1) /_ -120.0
18        ( 34)    3           2.4018 (       1) /_  120.0
------------
135       (257)    1           2.4018 (       1) /_    0.0
135       (258)    2           2.4018 (       1) /_ -120.0
135       (259)    3           2.4018 (       1) /_  120.0

ELEMENT = "Line.SW4"
60        (132)    1           2.4018 (       1) /_    0.0
60        (133)    2           2.4018 (       1) /_ -120.0
60        (134)    3           2.4018 (       1) /_  120.0
------------
160       (266)    1           2.4018 (       1) /_    0.0
160       (267)    2           2.4018 (       1) /_ -120.0
160       (268)    3           2.4018 (       1) /_  120.0

ELEMENT = "Line.SW5"
97        (161)    1                0 (       0) /_    0.0
97        (162)    2                0 (       0) /_    0.0
97        (163)    3                0 (       0) /_    0.0
------------
197       (231)    1                0 (       0) /_    0.0
197       (232)    2                0 (       0) /_    0.0
197       (233)    3                0 (       0) /_    0.0

ELEMENT = "Line.SW6"
61        (136)    1           2.4018 (       1) /_    0.0
61        (137)    2           2.4018 (       1) /_ -120.0
61        (138)    3           2.4018 (       1) /_  120.0
------------
61S       (269)    1           2.4018 (       1) /_    0.0
61S       (270)    2           2.4018 (       1) /_ -120.0
61S       (271)    3           2.4018 (       1) /_  120.0

ELEMENT = "Line.SW7"
151       (110)    1           2.4018 (       1) /_    0.0
151       (111)    2           2.4018 (       1) /_ -120.0
151       (112)    3           2.4018 (       1) /_  120.0
------------
300_OPEN  (272)    1           2.4018 (       1) /_    0.0
300_OPEN  (273)    2           2.4018 (       1) /_ -120.0
300_OPEN  (274)    3           2.4018 (       1) /_  120.0

ELEMENT = "Line.SW8"
54        (119)    1           2.4018 (       1) /_    0.0
54        (120)    2           2.4018 (       1) /_ -120.0
54        (121)    3           2.4018 (       1) /_  120.0
------------
94_OPEN   (275)    1           2.4018 (       1) /_    0.0
94_OPEN   (276)    2           2.4018 (       1) /_ -120.0
94_OPEN   (277)    3           2.4018 (       1) /_  120.0

ELEMENT = "Transformer.XFM1"
61S       (269)    1           2.4018 (       1) /_    0.0
61S       (270)    2           2.4018 (       1) /_ -120.0
61S       (271)    3           2.4018 (       1) /_  120.0
61S       (  0)    0                0 (       0) /_    0.0
------------
610       (278)    1          0.27713 (       1) /_    0.0
610       (279)    2          0.27713 (       1) /_ -120.0
610       (280)    3          0.27713 (       1) /_  120.0
610       (  0)    0                0 (       0) /_    0.0

= = = = = = = = = = = = = = = = = = =  = = = = = = = = = = =  = =

Power Conversion Elements

Bus      (node ref)  Phase    Magnitude, kV (pu)    Angle

ELEMENT = "Load.S1A"
1         ( 10)    1           2.4018 (       1) /_    0.0
1         (  0)    0                0 (       0) /_    0.0

ELEMENT = "Load.S2B"
2         ( 13)    2           2.4018 (       1) /_ -120.0
2         (  0)    0                0 (       0) /_    0.0

ELEMENT = "Load.S4C"
4         ( 18)    3           2.4018 (       1) /_  120.0
4         (  0)    0                0 (       0) /_    0.0

ELEMENT = "Load.S5C"
5         ( 19)    3           2.4018 (       1) /_  120.0
5         (  0)    0                0 (       0) /_    0.0

ELEMENT = "Load.S6C"
6         ( 20)    3           2.4018 (       1) /_  120.0
6         (  0)    0                0 (       0) /_    0.0

ELEMENT = "Load.S7A"
7         ( 15)    1           2.4018 (       1) /_    0.0
7         (  0)    0                0 (       0) /_    0.0

ELEMENT = "Load.S9A"
9         ( 25)    1           2.4018 (       1) /_    0.0
9         (  0)    0                0 (       0) /_    0.0

ELEMENT = "Load.S10A"
10        ( 36)    1                0 (       0) /_    0.0
10        (  0)    0                0 (       0) /_    0.0

ELEMENT = "Load.S11A"
11        ( 35)    1                0 (       0) /_    0.0
11        (  0)    0                0 (       0) /_    0.0

ELEMENT = "Load.S12B"
12        ( 24)    2           2.4018 (       1) /_ -120.0
12        (  0)    0                0 (       0) /_    0.0

ELEMENT = "Load.S16C"
16        ( 38)    3           2.4018 (       1) /_  120.0
16        (  0)    0                0 (       0) /_    0.0

ELEMENT = "Load.S17C"
17        ( 39)    3           2.4018 (       1) /_  120.0
17        (  0)    0                0 (       0) /_    0.0

ELEMENT = "Load.S19A"
19        ( 40)    1           2.4018 (       1) /_    0.0
19        (  0)    0                0 (       0) /_    0.0

ELEMENT = "Load.S20A"
20        ( 44)    1           2.4018 (       1) /_    0.0
20        (  0)    0                0 (       0) /_    0.0

ELEMENT = "Load.S22B"
22        ( 45)    2           2.4018 (       1) /_ -120.0
22        (  0)    0                0 (       0) /_    0.0

ELEMENT = "Load.S24C"
24        ( 49)    3           2.4018 (       1) /_  120.0
24        (  0)    0                0 (       0) /_    0.0

ELEMENT = "Load.S28A"
28        ( 57)    1           2.4018 (       1) /_    0.0
28        (  0)    0                0 (       0) /_    0.0

ELEMENT = "Load.S29A"
29        ( 64)    1           2.4018 (       1) /_    0.0
29        (  0)    0                0 (       0) /_    0.0

ELEMENT = "Load.S30C"
30        ( 69)    3           2.4018 (       1) /_  120.0
30        (  0)    0                0 (       0) /_    0.0

ELEMENT = "Load.S31C"
31        ( 62)    3                0 (       0) /_    0.0
31        (  0)    0                0 (       0) /_    0.0

ELEMENT = "Load.S32C"
32        ( 73)    3                0 (       0) /_    0.0
32        (  0)    0                0 (       0) /_    0.0

ELEMENT = "Load.S33A"
33        ( 63)    1                0 (       0) /_    0.0
33        (  0)    0                0 (       0) /_    0.0

ELEMENT = "Load.S34C"
34        ( 31)    3           2.4018 (       1) /_  120.0
34        (  0)    0                0 (       0) /_    0.0

ELEMENT = "Load.S35A"
35        ( 74)    1           2.4018 (       1) /_    0.0
35        ( 75)    2           2.4018 (       1) /_ -120.0

ELEMENT = "Load.S37A"
37        ( 82)    1           2.4018 (       1) /_    0.0
37        (  0)    0                0 (       0) /_    0.0

ELEMENT = "Load.S38B"
38        ( 83)    2           2.4018 (       1) /_ -120.0
38        (  0)    0                0 (       0) /_    0.0

ELEMENT = "Load.S39B"
39        ( 84)    2           2.4018 (       1) /_ -120.0
39        (  0)    0                0 (       0) /_    0.0

ELEMENT = "Load.S41C"
41        ( 85)    3           2.4018 (       1) /_  120.0
41        (  0)    0                0 (       0) /_    0.0

ELEMENT = "Load.S42A"
42        ( 86)    1           2.4018 (       1) /_    0.0
42        (  0)    0                0 (       0) /_    0.0

ELEMENT = "Load.S43B"
43        ( 89)    2           2.4018 (       1) /_ -120.0
43        (  0)    0                0 (       0) /_    0.0

ELEMENT = "Load.S45A"
45        ( 93)    1           2.4018 (       1) /_    0.0
45        (  0)    0                0 (       0) /_    0.0

ELEMENT = "Load.S46A"
46        ( 97)    1           2.4018 (       1) /_    0.0
46        (  0)    0                0 (       0) /_    0.0

ELEMENT = "Load.S47"
47        ( 94)    1           2.4018 (       1) /_    0.0
47        ( 95)    2           2.4018 (       1) /_ -120.0
47        ( 96)    3           2.4018 (       1) /_  120.0
47        (  0)    0                0 (       0) /_    0.0

ELEMENT = "Load.S48"
48        ( 98)    1           2.4018 (       1) /_    0.0
48        ( 99)    2           2.4018 (       1) /_ -120.0
48        (100)    3           2.4018 (       1) /_  120.0
48        (  0)    0                0 (       0) /_    0.0

ELEMENT = "Load.S49A"
49        (101)    1           2.4018 (       1) /_    0.0
49        (  0)    0                0 (       0) /_    0.0

ELEMENT = "Load.S49B"
49        (102)    2           2.4018 (       1) /_ -120.0
49        (  0)    0                0 (       0) /_    0.0

ELEMENT = "Load.S49C"
49        (103)    3           2.4018 (       1) /_  120.0
49        (  0)    0                0 (       0) /_    0.0

ELEMENT = "Load.S50C"
50        (106)    3           2.4018 (       1) /_  120.0
50        (  0)    0                0 (       0) /_    0.0

ELEMENT = "Load.S51A"
51        (107)    1           2.4018 (       1) /_    0.0
51        (  0)    0                0 (       0) /_    0.0

ELEMENT = "Load.S52A"
52        (113)    1           2.4018 (       1) /_    0.0
52        (  0)    0                0 (       0) /_    0.0

ELEMENT = "Load.S53A"
53        (116)    1           2.4018 (       1) /_    0.0
53        (  0)    0                0 (       0) /_    0.0

ELEMENT = "Load.S55A"
55        (122)    1           2.4018 (       1) /_    0.0
55        (  0)    0                0 (       0) /_    0.0

ELEMENT = "Load.S56B"
56        (129)    2           2.4018 (       1) /_ -120.0
56        (  0)    0                0 (       0) /_    0.0

ELEMENT = "Load.S58B"
58        (131)    2           2.4018 (       1) /_ -120.0
58        (  0)    0                0 (       0) /_    0.0

ELEMENT = "Load.S59B"
59        (135)    2           2.4018 (       1) /_ -120.0
59        (  0)    0                0 (       0) /_    0.0

ELEMENT = "Load.S60A"
60        (132)    1           2.4018 (       1) /_    0.0
60        (  0)    0                0 (       0) /_    0.0

ELEMENT = "Load.S62C"
62        (141)    3           2.4018 (       1) /_  120.0
62        (  0)    0                0 (       0) /_    0.0

ELEMENT = "Load.S63A"
63        (142)    1           2.4018 (       1) /_    0.0
63        (  0)    0                0 (       0) /_    0.0

ELEMENT = "Load.S64B"
64        (146)    2           2.4018 (       1) /_ -120.0
64        (  0)    0                0 (       0) /_    0.0

ELEMENT = "Load.S65A"
65        (148)    1           2.4018 (       1) /_    0.0
65        (149)    2           2.4018 (       1) /_ -120.0

ELEMENT = "Load.S65B"
65        (149)    2           2.4018 (       1) /_ -120.0
65        (150)    3           2.4018 (       1) /_  120.0

ELEMENT = "Load.S65C"
65        (150)    3           2.4018 (       1) /_  120.0
65        (148)    1           2.4018 (       1) /_    0.0

ELEMENT = "Load.S66C"
66        (153)    3           2.4018 (       1) /_  120.0
66        (  0)    0                0 (       0) /_    0.0

ELEMENT = "Load.S68A"
68        (155)    1                0 (       0) /_    0.0
68        (  0)    0                0 (       0) /_    0.0

ELEMENT = "Load.S69A"
69        (164)    1                0 (       0) /_    0.0
69        (  0)    0                0 (       0) /_    0.0

ELEMENT = "Load.S70A"
70        (165)    1                0 (       0) /_    0.0
70        (  0)    0                0 (       0) /_    0.0

ELEMENT = "Load.S71A"
71        (166)    1                0 (       0) /_    0.0
71        (  0)    0                0 (       0) /_    0.0

ELEMENT = "Load.S73C"
73        (167)    3                0 (       0) /_    0.0
73        (  0)    0                0 (       0) /_    0.0

ELEMENT = "Load.S74C"
74        (171)    3                0 (       0) /_    0.0
74        (  0)    0                0 (       0) /_    0.0

ELEMENT = "Load.S75C"
75        (172)    3                0 (       0) /_    0.0
75        (  0)    0                0 (       0) /_    0.0

ELEMENT = "Load.S76A"
76        (168)    1                0 (       0) /_    0.0
76        (169)    2                0 (       0) /_    0.0

ELEMENT = "Load.S76B"
76        (169)    2                0 (       0) /_    0.0
76        (170)    3                0 (       0) /_    0.0

ELEMENT = "Load.S76C"
76        (170)    3                0 (       0) /_    0.0
76        (168)    1                0 (       0) /_    0.0

ELEMENT = "Load.S77B"
77        (174)    2                0 (       0) /_    0.0
77        (  0)    0                0 (       0) /_    0.0

ELEMENT = "Load.S79A"
79        (182)    1                0 (       0) /_    0.0
79        (  0)    0                0 (       0) /_    0.0

ELEMENT = "Load.S80B"
80        (186)    2                0 (       0) /_    0.0
80        (  0)    0                0 (       0) /_    0.0

ELEMENT = "Load.S82A"
82        (191)    1                0 (       0) /_    0.0
82        (  0)    0                0 (       0) /_    0.0

ELEMENT = "Load.S83C"
83        (197)    3                0 (       0) /_    0.0
83        (  0)    0                0 (       0) /_    0.0

ELEMENT = "Load.S84C"
84        (194)    3                0 (       0) /_    0.0
84        (  0)    0                0 (       0) /_    0.0

ELEMENT = "Load.S85C"
85        (198)    3                0 (       0) /_    0.0
85        (  0)    0                0 (       0) /_    0.0

ELEMENT = "Load.S86B"
86        (177)    2                0 (       0) /_    0.0
86        (  0)    0                0 (       0) /_    0.0

ELEMENT = "Load.S87B"
87        (200)    2                0 (       0) /_    0.0
87        (  0)    0                0 (       0) /_    0.0

ELEMENT = "Load.S88A"
88        (202)    1                0 (       0) /_    0.0
88        (  0)    0                0 (       0) /_    0.0

ELEMENT = "Load.S90B"
90        (206)    2                0 (       0) /_    0.0
90        (  0)    0                0 (       0) /_    0.0

ELEMENT = "Load.S92C"
92        (210)    3                0 (       0) /_    0.0
92        (  0)    0                0 (       0) /_    0.0

ELEMENT = "Load.S94A"
94        (214)    1                0 (       0) /_    0.0
94        (  0)    0                0 (       0) /_    0.0

ELEMENT = "Load.S95B"
95        (216)    2                0 (       0) /_    0.0
95        (  0)    0                0 (       0) /_    0.0

ELEMENT = "Load.S96B"
96        (218)    2                0 (       0) /_    0.0
96        (  0)    0                0 (       0) /_    0.0

ELEMENT = "Load.S98A"
98        (219)    1                0 (       0) /_    0.0
98        (  0)    0                0 (       0) /_    0.0

ELEMENT = "Load.S99B"
99        (223)    2                0 (       0) /_    0.0
99        (  0)    0                0 (       0) /_    0.0

ELEMENT = "Load.S100C"
100       (227)    3                0 (       0) /_    0.0
100       (  0)    0                0 (       0) /_    0.0

ELEMENT = "Load.S102C"
102       (237)    3                0 (       0) /_    0.0
102       (  0)    0                0 (       0) /_    0.0

ELEMENT = "Load.S103C"
103       (241)    3                0 (       0) /_    0.0
103       (  0)    0                0 (       0) /_    0.0

ELEMENT = "Load.S104C"
104       (242)    3                0 (       0) /_    0.0
104       (  0)    0                0 (       0) /_    0.0

ELEMENT = "Load.S106B"
106       (243)    2                0 (       0) /_    0.0
106       (  0)    0                0 (       0) /_    0.0

ELEMENT = "Load.S107B"
107       (247)    2                0 (       0) /_    0.0
107       (  0)    0                0 (       0) /_    0.0

ELEMENT = "Load.S109A"
109       (248)    1                0 (       0) /_    0.0
109       (  0)    0                0 (       0) /_    0.0

ELEMENT = "Load.S111A"
111       (253)    1                0 (       0) /_    0.0
111       (  0)    0                0 (       0) /_    0.0

ELEMENT = "Load.S112A"
112       (254)    1                0 (       0) /_    0.0
112       (  0)    0                0 (       0) /_    0.0

ELEMENT = "Load.S113A"
113       (255)    1                0 (       0) /_    0.0
113       (  0)    0                0 (       0) /_    0.0

ELEMENT = "Load.S114A"
114       (256)    1                0 (       0) /_    0.0
114       (  0)    0                0 (       0) /_    0.0

